56685.1 -3.4 F218W 18.18 0.01 0.24 D 10.92 0.02 0.19 -3.20 
56696.9  6.9 F218W 18.35 0.02 0.24 D 10.76 0.02 0.19 -3.49 
56688.8 -0.2 F218W 18.03 0.01 0.24 M 10.68 0.02 0.19 -3.09 
56692.2  2.8 F218W 18.03 0.01 0.24 M 10.67 0.02 0.19 -3.11 
56702.5 11.8 F218W 18.88 0.01 0.24 M 10.96 0.02 0.19 -4.05 
56712.9 20.9 F218W 19.85 0.03 0.21 M 11.46 0.02 0.19 -4.45 
56723.0 29.8 F218W 20.48 0.04 0.19 M 11.90 0.02 0.18 -4.37 
56685.1 -3.4 F225W 18.70 0.01 0.24 D 10.92 0.02 0.19 -2.51 
56696.9  6.9 F225W 18.71 0.01 0.21 D 10.76 0.02 0.19 -3.07 
56688.8 -0.2 F225W 18.58 0.01 0.23 M 10.68 0.02 0.19 -2.54 
56692.2  2.8 F225W 18.67 0.01 0.22 M 10.67 0.02 0.19 -2.68 
56702.5 11.8 F225W 19.38 0.02 0.18 M 10.96 0.02 0.19 -3.56 
56712.9 20.9 F225W 19.66 0.02 0.15 M 11.46 0.02 0.19 -4.01 
56723.0 29.8 F225W 19.88 0.01 0.13 M 11.90 0.02 0.18 -3.96 
56685.1 -3.4 F275W 16.55 0.01 0.34 D 10.92 0.02 0.19 -0.61 
56696.9  6.9 F275W 17.33 0.01 0.34 D 10.76 0.02 0.19 -1.74 
56688.8 -0.2 F275W 16.46 0.01 0.34 M 10.68 0.02 0.19 -0.87 
56692.2  2.8 F275W 16.74 0.01 0.34 M 10.67 0.02 0.19 -1.23 
56702.5 11.8 F275W 18.13 0.02 0.33 M 10.96 0.02 0.19 -2.27 
56712.9 20.9 F275W 19.22 0.03 0.30 M 11.46 0.02 0.19 -2.88 
56723.0 29.8 F275W 19.82 0.02 0.28 M 11.90 0.02 0.18 -2.93 
56685.1 -3.4 F336W 13.14 0.01 0.30 D 10.92 0.02 0.19  0.90 
56696.9  6.9 F336W 13.88 0.01 0.30 D 10.76 0.02 0.19 -0.16 
56688.8 -0.2 F336W 13.06 0.01 0.30 M 10.68 0.02 0.19  0.65 
56692.2  2.8 F336W 13.33 0.01 0.30 M 10.67 0.02 0.19  0.33 
56702.5 11.8 F336W 14.74 0.01 0.30 M 10.96 0.02 0.19 -0.72 
56712.9 20.9 F336W 16.11 0.01 0.30 M 11.46 0.02 0.19 -1.46 
56723.0 29.8 F336W 16.89 0.01 0.30 M 11.90 0.02 0.18 -1.62 
56696.9  6.9 F438W 12.21 0.00 0.25 D 10.76 0.02 0.19 -0.12 
56688.8 -0.1 F438W 11.97 0.00 0.25 M 10.68 0.02 0.19  0.10 
56702.5 11.9 F438W 12.73 0.01 0.25 M 10.96 0.02 0.19 -0.29 
56712.9 20.9 F438W 13.87 0.01 0.25 M 11.46 0.02 0.19 -0.85 
56685.1 -3.4 F467M 11.89 0.01 0.23 D 10.92 0.02 0.19 -0.04 
56692.2  2.8 F467M 11.72 0.00 0.23 M 10.67 0.02 0.19 -0.00 
56697.4  7.3 F555W 11.00 0.00 0.19 D 10.81 0.02 0.19 -0.03 
56688.8 -0.1 F555W 10.90 0.00 0.19 M 10.68 0.02 0.19 -0.01 
56703.5 12.7 F555W 11.36 0.00 0.19 M 11.02 0.02 0.19  0.03 
56714.7 22.6 F555W 11.89 0.00 0.18 M 11.55 0.02 0.19 -0.06 
56684.8 -3.6 F631N 10.08 0.01 0.13 D 10.97 0.02 0.15  0.28 
56692.3  2.9 F631N  9.94 0.01 0.13 M 10.67 0.02 0.15  0.25 
56696.9  6.9 F814W 10.14 0.00 0.11 D 10.76 0.02 0.19 -0.49 
56688.8 -0.1 F814W  9.91 0.00 0.11 M 10.68 0.02 0.19 -0.23 
56702.5 11.9 F814W 10.47 0.00 0.10 M 10.96 0.02 0.19 -0.47 
56712.9 20.9 F814W 10.29 0.00 0.10 M 11.46 0.02 0.19  0.11 
56685.1 -3.4 F845M  9.73 0.00 0.10 D 10.92 0.02 0.19 -0.04 
56692.2  2.8 F845M  9.73 0.00 0.10 M 10.67 0.02 0.19 -0.27 
56685.0 -3.5 U     12.63 0.01 0.28 M 10.92 0.02 0.19  0.58 
56686.1 -2.5 U     12.58 0.03 0.28 M 10.84 0.02 0.19  0.56 
56692.9  3.4 U     12.76 0.03 0.28 M 10.65 0.02 0.19  0.27 
56694.9  5.2 U     12.93 0.08 0.28 M 10.70 0.02 0.19  0.16 
56696.9  6.9 U     13.03 0.02 0.28 M 10.76 0.02 0.19  0.04 
56698.0  7.9 U     13.14 0.02 0.28 M 10.82 0.01 0.19 -0.02 
56698.9  8.7 U     13.19 0.06 0.28 M 10.85 0.02 0.19 -0.08 
56708.1 16.7 U     14.30 0.04 0.28 M 11.38 0.02 0.19 -0.61 
56712.2 20.3 U     14.81 0.04 0.28 M 11.50 0.03 0.19 -0.82 
56721.1 28.1 U     15.52 0.03 0.28 M 11.88 0.02 0.18 -1.16 
56728.1 34.3 U     15.88 0.04 0.28 M 12.38 0.03 0.18 -1.25 
56685.0 -3.5 B     12.09 0.02 0.24 M 10.92 0.02 0.19  0.09 
56688.2 -0.7 B     11.93 0.03 0.24 M 10.68 0.03 0.19  0.10 
56690.2  1.1 B     11.95 0.03 0.24 M 10.67 0.03 0.19  0.09 
56694.9  5.2 B     12.08 0.02 0.24 M 10.70 0.02 0.19 -0.03 
56696.9  6.9 B     12.18 0.02 0.24 M 10.76 0.02 0.19 -0.10 
56698.0  7.9 B     12.25 0.01 0.24 M 10.82 0.01 0.19 -0.14 
56698.9  8.7 B     12.33 0.02 0.24 M 10.85 0.02 0.19 -0.17 
56708.1 16.7 B     13.23 0.02 0.24 M 11.38 0.02 0.19 -0.56 
56712.2 20.3 B     13.57 0.03 0.24 M 11.50 0.03 0.19 -0.73 
56721.1 28.1 B     14.26 0.02 0.24 M 11.88 0.02 0.18 -1.02 
56728.1 34.3 B     14.73 0.03 0.24 M 12.38 0.03 0.18 -1.11 
56685.0 -3.5 R     10.28 0.01 0.15 M 10.92 0.02 0.19  0.06 
56686.1 -2.5 R     10.24 0.01 0.15 M 10.84 0.02 0.19  0.06 
56688.2 -0.7 R     10.12 0.03 0.15 M 10.68 0.03 0.19  0.06 
56690.2  1.1 R     10.10 0.01 0.15 M 10.67 0.03 0.19  0.05 
56692.9  3.4 R     10.19 0.02 0.15 M 10.65 0.02 0.19  0.03 
56694.9  5.2 R     10.16 0.03 0.15 M 10.70 0.02 0.19  0.01 
56696.9  6.9 R     10.20 0.03 0.15 M 10.76 0.02 0.19 -0.02 
56698.0  7.9 R     10.35 0.02 0.15 M 10.82 0.01 0.19 -0.03 
56698.9  8.7 R     10.43 0.03 0.15 M 10.85 0.02 0.19 -0.04 
56708.1 16.7 R     10.78 0.02 0.15 M 11.38 0.02 0.19 -0.04 
56712.2 20.3 R     10.85 0.03 0.15 M 11.50 0.03 0.19  0.07 
56721.1 28.1 R     11.04 0.01 0.15 M 11.88 0.02 0.18  0.48 
56728.1 34.3 R     11.59 0.01 0.15 M 12.38 0.03 0.18  0.68 
56685.0 -3.5 i      9.98 0.01 0.11 M 10.92 0.02 0.19 -0.09 
56686.1 -2.5 i      9.90 0.01 0.11 M 10.84 0.02 0.19 -0.13 
56688.2 -0.7 i      9.96 0.02 0.11 M 10.68 0.03 0.19 -0.21 
56690.2  1.1 i      9.96 0.01 0.11 M 10.67 0.03 0.19 -0.29 
56692.9  3.4 i     10.06 0.02 0.11 M 10.65 0.02 0.19 -0.40 
56694.9  5.2 i     10.15 0.03 0.11 M 10.70 0.02 0.19 -0.48 
56696.9  6.9 i     10.20 0.02 0.11 M 10.76 0.02 0.19 -0.54 
56698.0  7.9 i     10.29 0.02 0.11 M 10.82 0.01 0.19 -0.57 
56698.9  8.7 i     10.34 0.03 0.11 M 10.85 0.02 0.19 -0.58 
56708.1 16.7 i     10.55 0.02 0.11 M 11.38 0.02 0.19 -0.32 
56712.2 20.3 i     10.40 0.03 0.11 M 11.50 0.03 0.19 -0.03 
56721.1 28.1 i     10.40 0.01 0.11 M 11.88 0.02 0.18  0.65 
56728.1 34.3 i     10.88 0.01 0.11 M 12.38 0.03 0.18  0.95 
56684.9 -3.6 J      9.45 0.07 0.05 D 10.92 0.02 0.19 -0.33 
56685.9 -2.7 J      9.40 0.07 0.05 D 10.84 0.02 0.19 -0.38 
56688.0 -0.9 J      9.46 0.04 0.05 D 10.68 0.03 0.19 -0.48 
56690.5  1.3 J      9.63 0.04 0.05 D 10.67 0.03 0.19 -0.63 
56692.8  3.4 J      9.92 0.03 0.05 D 10.65 0.02 0.19 -0.79 
56694.9  5.1 J      9.92 0.03 0.05 D 10.70 0.02 0.19 -0.95 
56696.8  6.9 J     10.12 0.03 0.05 D 10.76 0.02 0.19 -1.12 
56697.9  7.8 J     10.34 0.03 0.05 D 10.82 0.01 0.19 -1.25 
56707.9 16.6 J     11.21 0.03 0.05 D 11.38 0.02 0.19 -1.80 
56684.0 -4.4 J      9.45 0.03 0.05 M 10.84 0.02 0.19 -0.30 
56686.6 -2.1 J      9.41 0.03 0.05 M 10.73 0.02 0.19 -0.41 
56692.0  2.6 J      9.69 0.03 0.05 M 10.67 0.02 0.19 -0.73 
56695.7  5.9 J     10.06 0.02 0.05 M 10.71 0.02 0.19 -1.01 
56700.0  9.6 J     10.68 0.02 0.05 M 10.87 0.02 0.19 -1.59 
56701.0 10.6 J     10.91 0.04 0.05 M 10.90 0.02 0.19 -1.75 
56701.1 10.7 J     11.00 0.07 0.05 M 10.90 0.02 0.19 -1.77 
56703.7 12.9 J     11.13 0.03 0.05 M 11.02 0.02 0.19 -1.95 
56704.8 13.8 J     11.15 0.03 0.05 M 11.07 0.02 0.19 -1.96 
56705.9 14.8 J     11.25 0.04 0.05 M 11.13 0.02 0.19 -1.93 
56706.9 15.7 J     11.18 0.03 0.05 M 11.20 0.02 0.19 -1.88 
56709.5 18.0 J     11.15 0.02 0.05 M 11.30 0.02 0.19 -1.66 
56717.5 25.0 J     10.64 0.03 0.05 M 11.65 0.02 0.18 -0.85 
56719.6 26.9 J     10.57 0.03 0.05 M 11.74 0.02 0.18 -0.60 
56684.9 -3.6 H      9.48 0.08 0.03 D 10.92 0.02 0.19 -0.59 
56685.9 -2.7 H      9.54 0.07 0.03 D 10.84 0.02 0.19 -0.66 
56688.0 -0.9 H      9.58 0.04 0.03 D 10.68 0.03 0.19 -0.79 
56690.5  1.3 H      9.73 0.05 0.03 D 10.67 0.03 0.19 -0.91 
56692.8  3.4 H      9.72 0.05 0.03 D 10.65 0.02 0.19 -0.98 
56694.9  5.1 H      9.68 0.05 0.03 D 10.70 0.02 0.19 -0.97 
56696.8  6.9 H      9.77 0.04 0.03 D 10.76 0.02 0.19 -0.93 
56697.9  7.8 H      9.82 0.04 0.03 D 10.82 0.01 0.19 -0.91 
56708.0 16.6 H      9.71 0.03 0.03 D 11.38 0.02 0.19 -0.36 
56684.0 -4.4 H      9.57 0.04 0.03 M 10.84 0.02 0.19 -0.53 
56686.6 -2.1 H      9.59 0.03 0.03 M 10.73 0.02 0.19 -0.70 
56692.0  2.6 H      9.75 0.05 0.03 M 10.67 0.02 0.19 -0.96 
56695.7  5.9 H      9.77 0.04 0.03 M 10.71 0.02 0.19 -0.96 
56700.0  9.6 H      9.80 0.05 0.03 M 10.87 0.02 0.19 -0.88 
56701.1 10.7 H      9.85 0.04 0.03 M 10.90 0.02 0.19 -0.85 
56701.1 10.7 H      9.92 0.07 0.03 M 10.90 0.02 0.19 -0.85 
56703.7 12.9 H      9.79 0.04 0.03 M 11.02 0.02 0.19 -0.72 
56704.8 13.8 H      9.76 0.04 0.03 M 11.07 0.02 0.19 -0.64 
56705.9 14.8 H      9.82 0.05 0.03 M 11.13 0.02 0.19 -0.55 
56706.9 15.7 H      9.74 0.04 0.03 M 11.20 0.02 0.19 -0.45 
56709.5 18.0 H      9.68 0.03 0.03 M 11.30 0.02 0.19 -0.20 
56717.5 25.0 H      9.52 0.04 0.03 M 11.65 0.02 0.18  0.45 
56719.6 26.9 H      9.56 0.04 0.03 M 11.74 0.02 0.18  0.58 
56684.9 -3.6 K      9.27 0.10 0.02 D 10.92 0.02 0.19 -0.48 
56685.9 -2.7 K      9.27 0.09 0.02 D 10.84 0.02 0.19 -0.53 
56688.0 -0.9 K      9.25 0.06 0.02 D 10.68 0.03 0.19 -0.62 
56692.8  3.4 K      9.41 0.08 0.02 D 10.65 0.02 0.19 -0.78 
56694.9  5.1 K      9.41 0.07 0.02 D 10.70 0.02 0.19 -0.83 
56696.8  6.9 K      9.45 0.06 0.02 D 10.76 0.02 0.19 -0.86 
56697.9  7.8 K      9.52 0.05 0.02 D 10.82 0.01 0.19 -0.86 
56708.0 16.6 K      9.58 0.05 0.02 D 11.38 0.02 0.19 -0.41 
56684.0 -4.4 K      9.36 0.05 0.02 M 10.84 0.02 0.19 -0.44 
56686.6 -2.1 K      9.25 0.04 0.02 M 10.73 0.02 0.19 -0.56 
56692.0  2.6 K      9.35 0.07 0.02 M 10.67 0.02 0.19 -0.76 
56695.7  5.9 K      9.44 0.06 0.02 M 10.71 0.02 0.19 -0.84 
56700.0  9.6 K      9.48 0.06 0.02 M 10.87 0.02 0.19 -0.85 
56701.0 10.6 K      9.52 0.08 0.02 M 10.90 0.02 0.19 -0.83 
56701.1 10.7 K      9.55 0.10 0.02 M 10.90 0.02 0.19 -0.82 
56703.7 12.9 K      9.56 0.07 0.02 M 11.02 0.02 0.19 -0.71 
56704.8 13.8 K      9.58 0.06 0.02 M 11.07 0.02 0.19 -0.64 
56705.9 14.8 K      9.54 0.06 0.02 M 11.13 0.02 0.19 -0.57 
56706.9 15.7 K      9.55 0.05 0.02 M 11.20 0.02 0.19 -0.49 
56709.5 18.0 K      9.54 0.04 0.02 M 11.30 0.02 0.19 -0.28 
56717.5 25.0 K      9.50 0.04 0.02 M 11.65 0.02 0.18  0.35 
56719.7 26.9 K      9.55 0.04 0.02 M 11.74 0.02 0.18  0.48 
